[  0.00000000e+00  -3.70557379e-04  -6.33155201e-04  -7.95666106e-05
   0.00000000e+00   0.00000000e+00  -1.88916881e-34  -2.13371078e-03
   0.00000000e+00   0.00000000e+00   0.00000000e+00   0.00000000e+00
  -1.09827834e-02  -6.38353820e-25   0.00000000e+00  -2.39503705e-13
  -1.92244341e-03  -9.21453452e-04  -3.38541389e-03   0.00000000e+00
   0.00000000e+00   1.55033795e-06  -5.37775491e-14   0.00000000e+00
  -3.08630236e-49   0.00000000e+00   0.00000000e+00  -4.28687446e-03
   1.31323396e-08   8.54683730e-04  -1.12733592e-03  -6.98757864e-09
  -1.15571450e-03  -1.28553534e-08  -1.51264340e-03   0.00000000e+00
   0.00000000e+00  -1.61324317e-03   2.70498752e-06  -1.76391070e-04
   3.10035356e-08  -1.86184457e-03   0.00000000e+00  -2.76288124e-03
  -1.56794666e-03   0.00000000e+00  -1.07076540e-02  -2.87861269e-15
  -8.42262052e-04  -6.10245628e-07  -1.19478006e-69   1.26024016e-05
  -3.12917748e-05  -9.19567978e-05  -5.33743594e-04  -2.59504439e-30
  -3.47482720e-50  -3.85291970e-09   0.00000000e+00   6.98393128e-06
  -4.12439853e-03  -1.81998163e-03  -5.81520759e-23  -2.38608955e-16
  -1.66895866e-06   0.00000000e+00  -7.80154259e-03   0.00000000e+00
  -1.19686401e-04  -3.40495626e-03  -5.16713396e-08  -3.02069077e-12
  -3.63480680e-04  -1.56302466e-20   0.00000000e+00   0.00000000e+00
  -5.38870601e-54  -9.35974920e-05   0.00000000e+00  -8.00432109e-04
   1.10340605e-05  -1.01900125e-02  -2.18946560e-13  -2.44836157e-03
  -2.04522465e-08   0.00000000e+00   0.00000000e+00  -3.57100763e-22
  -3.93299062e-03  -1.66750630e-03  -2.43774106e-07  -1.28573115e-02
  -9.17768085e-04  -4.26524767e-40  -1.47076256e-47   0.00000000e+00
  -3.53542994e-32  -1.30728068e-04  -5.68848679e-74   0.00000000e+00]